pc_scores.mMx = [-2.74455608471247E-002 ,5.58444530216547E-002 ,-1.35707493852471E-002 ,1.07039123245945E-002 ,-4.61221994768206E-003 ,8.15635133325537E-003 ,-7.73522461006966E-003 ,3.75128621229836E-003 ,-1.09094033556696E-002 ,5.74762733652558E-003 ,-7.25196046743919E-003 ,1.94251634791971E-003 ,-1.27057490950723E-004 ,1.01326672891857E-003 ,-2.07634363451297E-003 ,8.27031245722301E-004 ,-5.86964143280787E-004 ,1.33393510321669E-004 ,-6.94110793621376E-004 ,-1.18186084283891E-004 
-3.30509110143747E-002 ,1.28719063749151E-002 ,-6.81617000322447E-003 ,-2.54559102572706E-002 ,-2.55474685780047E-002 ,5.33810738865720E-003 ,-8.56323753490876E-003 ,-2.93445605649979E-003 ,6.48331065941079E-003 ,-2.62744684064775E-003 ,-1.77273241574045E-003 ,-1.94241145227613E-003 ,-3.21556711826447E-004 ,1.86271038397738E-005 ,1.82076379573223E-003 ,2.70972871045308E-003 ,2.52033914276300E-003 ,-9.45815097778139E-004 ,-9.93063591148635E-004 ,-3.69635147709570E-004 
-5.40509245128716E-002 ,2.93412218222345E-002 ,9.15979582549655E-003 ,8.58010160881400E-003 ,3.82831487262858E-003 ,-9.26083871227270E-003 ,2.68345317291744E-003 ,-4.68259542314435E-003 ,1.68771825556179E-003 ,-1.06726187037129E-002 ,-7.56031518690928E-003 ,5.80583087801614E-003 ,2.22987847826461E-003 ,-3.64083205200351E-004 ,9.69163971343444E-005 ,-4.57205713039301E-004 ,2.46812307393102E-004 ,-2.63414789808225E-005 ,-2.41111070511367E-004 ,1.33550141749994E-004 
-9.79509822172277E-003 ,2.14187722395651E-002 ,6.55519418351352E-003 ,-1.06981935567088E-002 ,6.94316686933925E-004 ,-1.69915005681942E-004 ,2.77983415141161E-003 ,3.02759906470520E-003 ,3.64953638164496E-003 ,5.94459296631265E-003 ,8.36508740002014E-004 ,9.18001227431442E-003 ,-7.04211438052930E-003 ,3.12353957364868E-003 ,2.79130201771769E-003 ,-1.11519258131972E-003 ,7.36053642761836E-004 ,-3.42059177656043E-004 ,1.68273676928911E-003 ,1.57219859872006E-003 
1.71171070158059E-002 ,2.47995847614090E-002 ,2.06995816576846E-002 ,-1.38096467860371E-002 ,-1.00557243240386E-002 ,-1.64824349196577E-002 ,-8.96905498736137E-004 ,3.69080899255029E-003 ,-3.62189976409916E-003 ,4.79152195511160E-003 ,-7.41562456597605E-005 ,-2.51915373957474E-003 ,5.43639081758089E-003 ,5.50078161673919E-003 ,-6.58443407168094E-004 ,1.58477394834415E-004 ,-8.73402675735464E-004 ,-9.53944881340328E-004 ,4.71949908282005E-004 ,-6.89112659699991E-005 
-1.19658268649971E-002 ,7.01446535333430E-003 ,-2.46959222338209E-002 ,-1.32604475187817E-002 ,1.02141533509269E-002 ,-6.66412029472858E-003 ,5.28151821807753E-003 ,6.32144831466524E-003 ,-3.48704321500814E-003 ,8.57075774671698E-004 ,-3.55053753988028E-003 ,-3.82975448092934E-003 ,-1.36935992069753E-003 ,-1.30816609557849E-003 ,4.06138285154048E-003 ,-5.02175000691364E-003 ,2.60248674066438E-003 ,5.17784193793163E-004 ,-1.78953502600804E-003 ,-9.79251265649732E-004 
-2.33180317000487E-002 ,3.63638115302325E-002 ,1.40623148355793E-003 ,-6.62277103808784E-003 ,1.45823919442605E-002 ,4.72486322251355E-003 ,5.89852033476741E-003 ,4.62924837085825E-003 ,7.51146795624266E-003 ,4.26136856230531E-003 ,3.14018918902102E-003 ,2.41907175226870E-003 ,7.43215230336491E-003 ,-7.21079018297612E-004 ,4.63335179152608E-004 ,2.99419625910601E-003 ,6.53588324624745E-004 ,2.85186031790890E-003 ,-9.46447241658538E-004 ,-3.47163737085676E-004 
-7.73792118273924E-003 ,1.12865262627259E-002 ,1.17116307883142E-002 ,-2.26343044677755E-002 ,1.54559952775329E-002 ,-9.98223879479754E-003 ,-2.07825666701787E-003 ,-5.43340425426197E-003 ,-7.70618206926179E-003 ,-1.85149263188533E-005 ,1.39367325991266E-003 ,6.88472949195630E-004 ,-2.75572580455235E-003 ,-5.55235858661636E-003 ,-1.18384936435143E-003 ,3.57362240752123E-003 ,6.56983176638828E-005 ,-4.88389912076646E-004 ,3.39712796711783E-004 ,1.09068662057546E-004 
-4.01056331845483E-002 ,-1.77984048282184E-002 ,-2.53820708541825E-002 ,-3.19124088787921E-003 ,7.40267992651155E-003 ,-4.21642685953520E-003 ,2.15275243816763E-003 ,-4.77591901798765E-003 ,6.80677445724238E-003 ,7.90833144657545E-003 ,-7.05769868571288E-004 ,5.02212613823491E-004 ,-8.94532122445317E-004 ,-9.98465948237453E-005 ,-6.16275111322123E-003 ,-4.59112382249612E-004 ,-2.70138442740410E-004 ,-2.46954453234739E-003 ,-1.07507197745212E-003 ,-5.06372162947501E-004 
2.33807751760439E-003 ,-2.24529671411147E-002 ,2.08963140945935E-003 ,-1.00471974890325E-002 ,6.70827774644844E-003 ,3.23788364784788E-003 ,-5.43686835260992E-003 ,-1.08064157068318E-002 ,-1.31440257566157E-003 ,4.86274055720084E-003 ,-5.74583731017968E-003 ,-2.35564276594156E-003 ,-1.64034522056816E-004 ,7.60381059012415E-004 ,8.96488468611365E-004 ,-2.30633452338939E-004 ,-3.88924929521462E-004 ,4.32360112285654E-003 ,1.20604236303197E-003 ,5.57105314719066E-004 
-4.51502392478592E-003 ,-1.05724677721567E-002 ,-2.64457154422463E-003 ,-1.14575568230199E-002 ,4.38492375247243E-003 ,1.59214538480457E-004 ,-7.35820139317641E-003 ,1.48537745975809E-002 ,3.58250114764900E-003 ,-4.70210120711822E-003 ,-2.76943577666970E-003 ,-5.12977360789663E-004 ,-1.70989439376820E-003 ,-1.89207485795229E-003 ,-3.93178922180349E-003 ,7.74128743436723E-005 ,-7.96914171575917E-004 ,1.18673049987464E-003 ,2.95707608362228E-003 ,-9.94530482553691E-004 
7.22835376149268E-002 ,4.69595693913673E-002 ,-4.88153449807357E-002 ,-1.37653755324508E-005 ,1.26685333743618E-003 ,-6.28346052514831E-003 ,-3.28263032238654E-003 ,-3.98866020228996E-003 ,1.60290072630074E-003 ,-3.69420181950563E-003 ,2.67646838162911E-003 ,2.20531980876437E-003 ,-3.83070367760649E-004 ,1.16151513623882E-003 ,4.82570906270618E-004 ,1.82440349898264E-003 ,-9.79005111030493E-004 ,6.98339938611265E-004 ,5.91760254707597E-004 ,-3.31688697995983E-004 
-4.26706912429438E-003 ,-2.27161334820968E-002 ,1.94077174426906E-004 ,1.19082429184164E-002 ,6.55029327616746E-003 ,-1.02335861645270E-003 ,7.00712138728043E-004 ,3.29143378997160E-003 ,-5.70730905688007E-003 ,-3.60812284185704E-004 ,2.40325983760469E-003 ,3.02425182808836E-004 ,-2.45138324158982E-003 ,2.76705620214004E-003 ,7.51956244166291E-005 ,5.62726102721789E-003 ,5.14304069156534E-003 ,5.77556027803323E-005 ,-3.95997881382771E-004 ,-9.05420852916818E-004 
4.13452716750900E-002 ,-1.04687029296289E-002 ,2.08278416550507E-002 ,-4.27931708441165E-003 ,-3.92807176229252E-003 ,5.33116653134562E-004 ,-4.58414708118864E-003 ,-6.16934381211194E-004 ,2.76633277472476E-004 ,1.46894826070824E-003 ,-2.38199768761490E-005 ,6.79471683752524E-003 ,-1.71994168669944E-003 ,-1.07129515484014E-003 ,-8.19359150425083E-005 ,-1.20758917135836E-003 ,-1.33567297561435E-003 ,7.87799558394670E-004 ,-2.80068556783587E-003 ,-3.63000346304233E-003 
1.14790684716780E-002 ,-1.10737389783110E-002 ,2.06328354909034E-003 ,-3.32684918092915E-005 ,-6.93570666072269E-003 ,-7.79159015791027E-003 ,4.23315024277217E-004 ,2.77653864970948E-003 ,2.28308749565363E-003 ,-2.71952873417966E-003 ,-5.93843063030570E-004 ,-4.48466250965408E-004 ,-3.83533367678442E-003 ,2.84471096834484E-003 ,-4.32577124298333E-003 ,1.01447584970347E-004 ,6.64850036772425E-004 ,3.41867501827964E-003 ,-3.19932604028533E-003 ,2.10311795004097E-003 
7.65727762011035E-002 ,2.81892718224431E-002 ,1.91423456559494E-002 ,7.87172279178342E-003 ,8.57453406931614E-003 ,4.92008528376192E-004 ,-1.57477252933904E-003 ,-5.44145142602391E-004 ,7.65543698675897E-003 ,2.83890175654127E-003 ,-8.36465052197841E-003 ,-2.36315379826797E-003 ,-1.87681686016263E-004 ,-2.04057208023478E-003 ,-8.52424644920704E-004 ,1.47787886602784E-004 ,3.45693239513604E-003 ,-1.58223452527132E-003 ,1.61822302897798E-004 ,4.58590378895944E-004 
