weight.mMx = [1.38530098998759E-003 ,-1.13127422847438E-003 ,1.44941997168879E-004 ,-2.12898620295922E-003 ,-1.57831474740069E-003 ,1.29655515731002E-003 ,3.45472707976463E-004 ,-1.01343211863016E-003 ,-5.24500916254663E-004 ,5.38532703563037E-003 ,1.25499222444911E-004 ,1.33203722798723E-003 ,4.48152544219063E-004 ,-9.16114771698910E-004 ,-1.39887825669243E-003 ,1.33081164044854E-003 ,-3.07550747244914E-004 ,4.44750026002690E-003 ,-7.11756533570440E-004 ,2.23139935085247E-003 ,8.57364716237641E-004 ,9.03920890984864E-004 ,-3.73995368916934E-004 ,1.15333190932671E-003 ,6.06159650875949E-005 ,2.79888381699863E-003 ,-4.23619080712934E-004 ,-2.64152859136566E-003 ,-9.75795647665825E-004 ,2.02649929321876E-004 ,-1.20559265611943E-005 ,1.00590973572999E-003 ,9.16560286699919E-004 ,9.58429230099499E-004 ,-1.44842467438976E-003 ,1.78707146696070E-003 ,7.67041394605106E-004 ,4.33603594859021E-003 ,-9.15340917163525E-004 ,-2.01453410736687E-004 ,7.13750436380577E-004 ,-1.97993351583423E-003 ,-1.37683181312527E-005 ,3.77214984114923E-003 ,-3.36147365678104E-003 ,2.13642159837021E-003 ,-1.67752408462224E-003 ,2.63002290995619E-003 ,-1.82098561529205E-003 ,3.69953059231030E-003 ,2.00162753667639E-003 ,-3.62844303543490E-003 ,-4.29723312215778E-003 ,-1.38133733178228E-003 ,-6.57736500304499E-004 ,9.83918090321446E-003 ,-5.05386708439574E-003 ,1.29139378001164E-002 ,-2.27497214464409E-003 ,-7.51347866592071E-004 ,-1.45354304945969E-002 ,3.63942062406096E-002 ,8.24991770204010E-003 ,4.92835857452501E-002 
7.00032271454968E-005 ,-1.66224451681497E-004 ,9.71449229499570E-004 ,8.01198274586431E-004 ,-8.38950937062497E-005 ,1.61834308214252E-003 ,8.85601547419554E-004 ,-8.53951519994783E-004 ,1.35961638065996E-003 ,-6.13700674710420E-004 ,2.96451725695766E-003 ,-5.62124618565802E-004 ,-1.05592885859374E-004 ,-4.23717291700032E-003 ,-6.84549335242573E-004 ,4.52497178429965E-004 ,-2.28096601657895E-003 ,7.16966506311057E-003 ,-1.72034880601289E-003 ,2.76585095744100E-004 ,9.67198795391936E-004 ,3.80306861471416E-004 ,1.65647830131907E-003 ,-1.32114287910009E-003 ,-1.71147167279468E-004 ,2.62383767234246E-003 ,8.75021265696892E-004 ,-4.85771733413083E-003 ,-1.49080037627941E-003 ,6.80417085114991E-003 ,1.20002120527590E-003 ,-1.06283152505507E-003 ,3.90707031644497E-005 ,4.60682434082470E-003 ,-1.38307258145751E-003 ,6.33445006511364E-004 ,-2.21547927131161E-003 ,2.61526029093662E-003 ,-3.82029769281572E-003 ,-1.71586860165454E-003 ,2.53344480149464E-003 ,4.72131600583632E-003 ,-3.52899586214977E-003 ,7.84826719537404E-003 ,6.51865018145859E-004 ,-5.16560931320759E-003 ,-1.62658671732487E-003 ,4.86285726534743E-003 ,-3.37452266251298E-003 ,-8.30083308716577E-003 ,-4.75528223502238E-003 ,-1.22937032776583E-002 ,5.24604063862005E-003 ,-1.91373152168269E-003 ,8.13513016562731E-003 ,-6.23703293570361E-003 ,1.80651609369592E-002 ,2.04412469529215E-002 ,-1.11119686411460E-002 ,1.56328033867100E-002 ,-4.14624298685813E-003 ,1.43057330943862E-003 ,-1.12325364172009E-002 ,2.73965518778698E-002 
1.82701266411198E-003 ,1.17623634931566E-003 ,-1.68367808026587E-003 ,-2.04727376008869E-003 ,-7.77478026232292E-004 ,1.70063467975388E-003 ,-4.18759570405520E-004 ,-6.82070977897673E-004 ,9.92929057581291E-004 ,-5.24322469857368E-003 ,-9.96514002030748E-004 ,1.28212151068859E-003 ,1.62821278094782E-003 ,-1.50556551571992E-003 ,1.08400921766375E-003 ,-9.03562249323486E-004 ,1.28603628875655E-003 ,3.63013406008051E-003 ,-9.48920265956778E-004 ,1.05348838949908E-004 ,-7.54193267470746E-004 ,-6.59859575568576E-004 ,2.49149551904366E-004 ,1.31383217637793E-003 ,7.50253231085115E-004 ,6.31750462618621E-004 ,-1.11983564715726E-004 ,2.37674578889786E-003 ,2.18521985940498E-003 ,-3.69217208365172E-003 ,-2.12125230301570E-003 ,4.36869475487616E-003 ,1.54276377131406E-004 ,-4.96027683058988E-003 ,1.95878655554824E-003 ,-2.43874515967831E-003 ,-1.15282368506950E-003 ,7.06703814780028E-004 ,-1.76389585566162E-003 ,4.90466941077442E-004 ,5.67986002465954E-004 ,4.69187854154363E-004 ,2.35575317919824E-003 ,-1.72626366295588E-003 ,1.08940970903259E-003 ,-5.10081839949496E-003 ,-5.54951091957463E-003 ,3.54338801883655E-003 ,-3.73491780202007E-003 ,-9.01931634902529E-004 ,5.20007657062088E-003 ,-4.80682085946926E-004 ,9.09505575723515E-004 ,-8.25476301765043E-003 ,-1.11891337511155E-002 ,9.15397433287419E-003 ,1.35215277031580E-002 ,1.21062053290394E-002 ,-1.57052522909797E-002 ,1.99598351386811E-003 ,-3.86107457624580E-002 ,2.22085312592509E-002 ,-1.61292290505905E-002 ,2.99974327209198E-002 
1.37964558631806E-003 ,1.39594621147427E-004 ,-3.66204257947328E-004 ,-1.24408856717202E-003 ,2.97235903443329E-005 ,-5.53826923089099E-004 ,3.64852022627086E-004 ,2.36304510098794E-003 ,6.10872786940838E-004 ,-3.44172469486669E-003 ,-8.69663027813477E-004 ,9.24722380449879E-005 ,8.50779275994841E-004 ,4.80133330260775E-003 ,1.03422326910293E-003 ,1.98338947322558E-003 ,1.04790289645971E-003 ,-7.53325953244103E-004 ,9.55562355679791E-005 ,2.41210503704101E-003 ,-9.10865382778162E-004 ,1.75617060178084E-003 ,3.73936523143178E-004 ,1.49042957879528E-004 ,5.41437973659087E-004 ,-6.19552938026838E-005 ,6.33597246406822E-005 ,7.25754221647038E-004 ,1.24764984254058E-003 ,2.90618917996178E-003 ,-2.39446682091407E-005 ,2.55118937692604E-003 ,-1.59153244882720E-003 ,-9.91747793152822E-004 ,1.05149799340484E-003 ,5.27597106174276E-004 ,-7.44746164800900E-004 ,1.12611736352804E-003 ,-8.63785539260995E-004 ,-1.36919026774908E-004 ,-1.41701333157961E-003 ,3.43544695070536E-004 ,-1.22010119349833E-003 ,1.27440667102045E-003 ,1.11435418084213E-003 ,-1.97407086640661E-003 ,2.59023113801564E-003 ,7.41866771856335E-003 ,5.16499635282800E-005 ,2.36501902876978E-003 ,2.05296245077965E-003 ,-1.18622765916744E-003 ,-2.84880900960942E-003 ,-6.00009021310062E-004 ,2.85015078748397E-003 ,-8.05447962420694E-003 ,6.22167984847131E-004 ,1.87583796884359E-003 ,-1.20856978741189E-002 ,9.37215135964849E-003 ,-9.71553038332262E-003 ,1.03323746480522E-002 ,7.21059807574331E-003 ,1.39282949981110E-002 
4.44223143353899E-004 ,6.27409975692025E-004 ,-4.42491966839550E-004 ,2.71963602318197E-003 ,-6.86637316451882E-004 ,5.16860845378042E-004 ,2.07634925152932E-003 ,-7.56086287513901E-006 ,-2.26860678461992E-004 ,2.19763641543698E-003 ,1.37023347451360E-003 ,-1.25802983348081E-003 ,-5.92161229097616E-004 ,3.69768260930699E-004 ,-1.10867116765912E-003 ,4.05371167996455E-003 ,8.70711765313856E-004 ,5.12673915375742E-003 ,-9.79698924714665E-004 ,-2.35960249858386E-003 ,-4.46406848738247E-004 ,-1.72591452747159E-003 ,-7.95950947894778E-004 ,2.80275681378795E-003 ,-5.02589684510910E-004 ,1.99861664709830E-003 ,-1.61518046214031E-004 ,2.94563984877743E-003 ,4.03584814204749E-004 ,-3.40897067800859E-003 ,-1.53020565373638E-005 ,-2.51611950082388E-003 ,-2.32713628483779E-003 ,-2.26515128041494E-003 ,4.68022334645678E-004 ,-2.77583906079480E-003 ,-2.17999647252159E-004 ,-1.60689690731561E-003 ,-7.30178325017332E-004 ,-2.17788315713873E-003 ,-1.45764396147772E-003 ,4.08262198817829E-004 ,1.18600723130953E-003 ,3.22191015321750E-003 ,4.70450143854212E-004 ,2.47100194571010E-003 ,-1.88177383169928E-003 ,8.81768901711004E-003 ,2.87748352914112E-003 ,-2.15260200148067E-003 ,7.13655086346602E-004 ,4.17077845548473E-003 ,-1.48383473894420E-003 ,4.43461921107944E-003 ,1.86641821535797E-003 ,-1.30686686574583E-002 ,-1.24179800709809E-002 ,9.21291442395772E-003 ,-1.82282008197342E-002 ,-2.92953860613193E-003 ,-6.42210734804722E-003 ,-8.48061346662162E-003 ,2.83956039306460E-002 ,7.05849199590687E-003 
